pyDeepSEA AU ROC	pyDeepSEA AU PR
0.90243	0.37265
0.90849	0.38923
0.88396	0.28752
0.91162	0.31143
0.82692	0.31466
0.86892	0.37946
0.90187	0.40387
0.91406	0.37612
0.90903	0.34891
0.90505	0.36331
0.89953	0.36354
0.90814	0.36210
0.87821	0.33601
0.92032	0.44893
0.89115	0.35956
0.86667	0.25228
0.91140	0.37804
0.92142	0.40040
0.91224	0.37792
0.87753	0.35296
0.89051	0.36694
0.93583	0.47007
0.88214	0.36413
0.88558	0.37244
0.88649	0.36288
0.88313	0.36050
0.84905	0.29112
0.83341	0.31892
0.90434	0.37998
0.83935	0.32490
0.90085	0.41344
0.88211	0.33804
0.87534	0.37515
0.90255	0.39809
0.90950	0.42020
0.91291	0.40302
0.86458	0.32547
0.87228	0.33731
0.90953	0.41081
0.89284	0.38247
0.91377	0.40245
0.91363	0.40293
0.91359	0.44539
0.91124	0.38995
0.91791	0.43408
0.91153	0.43081
0.88390	0.39265
0.90858	0.38469
0.93512	0.39460
0.89455	0.34617
0.90126	0.43498
0.89375	0.35096
0.87110	0.40760
0.86775	0.34456
0.90490	0.45191
0.86177	0.37122
0.87791	0.39917
0.85925	0.40113
0.89426	0.46523
0.88873	0.44036
0.88239	0.38946
0.85957	0.34767
0.82934	0.33933
0.84719	0.34899
0.89311	0.40835
0.85060	0.32686
0.86549	0.26055
0.88697	0.34307
0.89332	0.37668
0.88352	0.41778
0.90786	0.42332
0.90759	0.43502
0.89891	0.42736
0.84937	0.27273
0.91260	0.46484
0.91198	0.44729
0.91516	0.44147
0.91642	0.46582
0.91342	0.43512
0.90415	0.45015
0.91062	0.44917
0.91070	0.47723
0.89382	0.43297
0.90842	0.45430
0.90948	0.37906
0.90973	0.46635
0.88415	0.35342
0.92186	0.47596
0.89851	0.37625
0.90449	0.40786
0.89782	0.41349
0.89203	0.36773
0.90295	0.40409
0.89996	0.39861
0.90700	0.42728
0.88977	0.38993
0.91468	0.47658
0.89814	0.35865
0.91771	0.47684
0.90861	0.40269
0.91480	0.42899
0.90334	0.43166
0.90832	0.44520
0.88306	0.35847
0.89116	0.40169
0.89206	0.37390
0.89169	0.39453
0.90895	0.37922
0.90698	0.39117
0.91365	0.43404
0.90983	0.43894
0.90434	0.39253
0.91532	0.45234
0.89404	0.42965
0.89423	0.38335
0.90781	0.40822
0.89318	0.39229
0.91396	0.47204
0.91031	0.43846
0.84130	0.30381
0.90666	0.33411
0.87818	0.27805
0.87271	0.36107
0.89588	0.39810
0.91201	0.41764
0.97567	0.67388
0.93569	0.03026
0.97516	0.64820
0.85467	0.03951
0.93682	0.17706
0.97382	0.62038
0.97788	0.33671
0.98518	0.15731
0.95003	0.40890
0.95945	0.63411
0.73361	0.00943
0.87054	0.08839
0.98091	0.64995
0.94652	0.05045
0.98152	0.64460
0.95048	0.17327
0.97146	0.60892
0.95583	0.07333
0.96785	0.62067
0.98343	0.15127
0.97943	0.64792
0.98351	0.31419
0.89850	0.13679
0.94525	0.19289
0.96601	0.60619
0.83779	0.00710
0.95093	0.28588
0.92227	0.06945
0.97206	0.01303
0.75897	0.01016
0.97680	0.64606
0.95496	0.39603
0.88142	0.22771
0.94212	0.40648
0.97747	0.32183
0.97760	0.64115
0.98450	0.31521
0.97110	0.59768
0.98315	0.28448
0.96769	0.61444
0.97456	0.26892
0.81991	0.06984
0.97711	0.61553
0.97038	0.23427
0.95834	0.65016
0.86849	0.07263
0.80368	0.05514
0.95369	0.39480
0.98545	0.54981
0.98531	0.59178
0.90096	0.20579
0.89976	0.20579
0.90673	0.27653
0.77195	0.01850
0.90458	0.26763
0.86620	0.00815
0.81294	0.09191
0.84331	0.06141
0.84620	0.11116
0.76436	0.09561
0.82538	0.11557
0.95231	0.57095
0.95398	0.58996
0.85365	0.07754
0.89104	0.15848
0.92249	0.32343
0.81865	0.13809
0.89176	0.10599
0.89803	0.12266
0.86087	0.08688
0.89671	0.20429
0.85771	0.09164
0.99429	0.73321
0.79043	0.01114
0.75339	0.03282
0.76434	0.02553
0.80056	0.01339
0.81653	0.03025
0.96295	0.53501
0.83583	0.13021
0.92709	0.10828
0.86870	0.11790
0.87143	0.07832
0.84634	0.09958
0.92627	0.10863
0.84534	0.04883
0.82818	0.08546
0.95302	0.22782
0.95761	0.39438
0.97427	0.17696
0.84062	0.13254
0.98023	0.40792
0.87162	0.08836
0.86896	0.08668
0.86711	0.04857
0.83052	0.08695
0.82709	0.09096
0.82114	0.13794
0.79671	0.05346
0.90069	0.04048
0.86230	0.12986
0.86648	0.10093
0.88048	0.05088
0.87931	0.25564
0.87200	0.32802
0.95029	0.55360
0.86936	0.13755
0.90208	0.22690
0.97227	0.54846
0.84774	0.22511
0.92265	0.02749
0.96304	0.29103
0.91468	0.23966
0.89739	0.12897
0.83262	0.06023
0.93777	0.30323
0.89784	0.10614
0.90591	0.11333
0.94104	0.16044
0.91539	0.31755
0.94388	0.06037
0.93747	0.10265
0.86786	0.02046
0.87701	0.26167
0.88614	0.28550
0.87562	0.10380
0.90518	0.23593
0.94519	0.29546
0.93930	0.25054
0.92835	0.23613
0.87761	0.26541
0.91355	0.40421
0.96246	0.32696
0.90110	0.21014
0.83763	0.08046
0.95859	0.14214
0.82351	0.00555
0.98154	0.57954
0.93228	0.12717
0.91697	0.02282
0.97532	0.25743
0.87534	0.02986
0.91937	0.10238
0.81674	0.01441
0.75307	0.01978
0.86945	0.08746
0.88316	0.26714
0.91347	0.44524
0.78107	0.00581
0.96932	0.63964
0.89013	0.00923
0.91975	0.12286
0.89588	0.07120
0.86723	0.15261
0.95341	0.11617
0.96686	0.25693
0.82974	0.05319
0.96245	0.46576
0.94254	0.27989
0.85303	0.03658
0.85848	0.08277
0.85977	0.10383
0.89566	0.16855
0.88670	0.37398
0.94741	0.23149
0.95334	0.14496
0.97036	0.29591
0.70761	0.01780
0.89679	0.43817
0.94103	0.30631
0.95536	0.13161
0.85699	0.02458
0.92268	0.14616
0.92409	0.11695
0.98447	0.61754
0.90886	0.24620
0.89814	0.17862
0.76862	0.06394
0.76092	0.07253
0.77416	0.06566
0.97834	0.43542
0.79581	0.05287
0.76098	0.02610
0.75728	0.02917
0.88283	0.14528
0.72723	0.01858
0.76457	0.10686
0.73955	0.05758
0.85213	0.04573
0.84524	0.16862
0.77894	0.05677
0.88563	0.33479
0.93733	0.44423
0.96715	0.57832
0.78180	0.02854
0.91959	0.26513
0.79642	0.10942
0.78502	0.02315
0.79618	0.03347
0.98046	0.50253
0.80538	0.00436
0.74461	0.02995
0.89790	0.11335
0.93559	0.34272
0.82628	0.04356
0.91789	0.06946
0.87817	0.30474
0.89922	0.35980
0.93862	0.17300
0.84801	0.00497
0.90332	0.08712
0.79389	0.09634
0.87432	0.14010
0.98123	0.58427
0.98771	0.26472
0.94607	0.31829
0.89809	0.21340
0.92659	0.30364
0.94738	0.26772
0.95215	0.16598
0.92343	0.30296
0.79452	0.03551
0.86000	0.02253
0.91041	0.35567
0.80695	0.00993
0.78232	0.04111
0.78870	0.03184
0.83628	0.21829
0.85960	0.22773
0.93560	0.51879
0.90065	0.12193
0.98481	0.53567
0.95976	0.21899
0.96643	0.21308
0.93137	0.20917
0.98181	0.16459
0.88301	0.07263
0.77314	0.02342
0.95325	0.37553
0.85132	0.04953
0.78807	0.07654
0.97983	0.14941
0.78312	0.04782
0.89393	0.12950
0.96126	0.28729
0.89506	0.21685
0.90048	0.03310
0.95692	0.30795
0.82583	0.02386
0.90148	0.15887
0.97338	0.14026
0.94317	0.28477
0.72517	0.02680
0.88973	0.04369
0.90772	0.18315
0.86504	0.17220
0.84270	0.18525
0.91083	0.17427
0.81958	0.05134
0.87183	0.25150
0.98968	0.59747
0.83597	0.14379
0.94627	0.51792
0.89731	0.15486
0.89734	0.19984
0.92955	0.23603
0.96040	0.34560
0.98459	0.63856
0.76677	0.00730
0.76088	0.02113
0.75820	0.02062
0.79541	0.08999
0.75508	0.06969
0.79130	0.04693
0.92073	0.26087
0.89787	0.29740
0.92787	0.07833
0.95223	0.39496
0.95135	0.22336
0.60379	0.00620
0.98638	0.60943
0.93286	0.46048
0.86672	0.06684
0.98827	0.47385
0.89330	0.12567
0.99598	0.04617
0.96827	0.16756
0.86034	0.06347
0.90731	0.22799
0.87927	0.02438
0.97402	0.53364
0.96099	0.16714
0.78007	0.07532
0.95091	0.31551
0.84201	0.05754
0.90661	0.03147
0.93643	0.27798
0.92774	0.36186
0.91240	0.29029
0.91159	0.08457
0.84146	0.08570
0.96212	0.14131
0.88540	0.26032
0.98352	0.28557
0.89466	0.06120
0.86371	0.10168
0.89609	0.33641
0.90927	0.31065
0.95960	0.34430
0.66144	0.00002
0.97076	0.57046
0.88449	0.12690
0.93376	0.29401
0.96797	0.63665
0.89097	0.03401
0.84961	0.04433
0.87199	0.11570
0.87176	0.18223
0.94114	0.09735
0.90771	0.11825
0.84105	0.08655
0.80997	0.01462
0.96848	0.56348
0.43265	0.00023
0.77077	0.00284
0.84483	0.14198
0.90150	0.31965
0.87352	0.07889
0.93393	0.42962
0.89139	0.18514
0.96647	0.53669
0.84856	0.05512
0.91974	0.39761
0.85002	0.01967
0.96785	0.48830
0.86450	0.10146
0.95601	0.54316
0.86048	0.04425
0.93043	0.41902
0.85835	0.02836
0.94593	0.45889
0.89597	0.10070
0.92253	0.06720
0.93937	0.19374
0.93243	0.04382
0.93495	0.18371
0.89795	0.04035
0.94252	0.09907
0.93186	0.12864
0.94075	0.17909
0.91205	0.12628
0.74591	0.02352
0.87895	0.11504
0.93891	0.15384
0.98958	0.20952
0.97626	0.59797
0.78528	0.01319
0.92275	0.30838
0.97140	0.20895
0.94467	0.34162
0.91045	0.09631
0.92113	0.47851
0.94533	0.43232
0.86607	0.18700
0.85588	0.13060
0.75678	0.07313
0.98916	0.47357
0.79088	0.03532
0.83327	0.16991
0.84548	0.12575
0.84595	0.15563
0.89176	0.11907
0.90656	0.04567
0.75450	0.00103
0.92234	0.18594
0.39302	0.00002
0.63830	0.00016
0.85533	0.01272
0.90954	0.30585
0.96182	0.17945
0.92888	0.32564
0.93290	0.25872
0.93532	0.17717
0.88332	0.17071
0.98349	0.23470
0.96271	0.16563
0.96555	0.20736
0.96380	0.33644
0.94197	0.27484
0.91294	0.19733
0.98893	0.36739
0.95120	0.16165
0.97190	0.14260
0.93753	0.30725
0.77700	0.05581
0.90872	0.30304
0.95953	0.35671
0.93007	0.25407
0.93540	0.20510
0.88373	0.15264
0.96640	0.19841
0.89442	0.19173
0.89784	0.29561
0.95052	0.53011
0.82055	0.01824
0.95045	0.48346
0.90042	0.20979
0.88781	0.03265
0.95247	0.45868
0.76284	0.00301
0.80877	0.08894
0.90175	0.14316
0.88646	0.22403
0.82243	0.13325
0.82038	0.02795
0.90507	0.03993
0.80823	0.02779
0.89765	0.11769
0.87448	0.08434
0.93693	0.21575
0.74817	0.00002
0.74976	0.00073
0.78132	0.05550
0.88802	0.12474
0.97809	0.08428
0.91935	0.15881
0.94857	0.41927
0.95007	0.14798
0.90953	0.09305
0.87731	0.08256
0.87768	0.01167
0.99061	0.10373
0.80333	0.02445
0.88742	0.02144
0.94979	0.08065
0.91997	0.20036
0.74416	0.04996
0.76219	0.08725
0.73362	0.04445
0.94085	0.23208
0.95712	0.32226
0.92697	0.34246
0.98740	0.15446
0.79959	0.02647
0.83061	0.01013
0.94827	0.33645
0.91409	0.34715
0.81080	0.05719
0.97439	0.55951
0.87430	0.16514
0.96106	0.55839
0.95823	0.15731
0.91150	0.27772
0.69716	0.00652
0.91933	0.11052
0.91483	0.08844
0.61765	0.00003
0.91359	0.33358
0.91946	0.23003
0.81000	0.11612
0.94501	0.15242
0.90027	0.23934
0.93583	0.41392
0.97756	0.62953
0.77188	0.07874
0.91302	0.34137
0.96698	0.51491
0.81335	0.04121
0.89567	0.14277
0.95756	0.18252
0.84341	0.02034
0.89300	0.00643
0.89317	0.16399
0.71754	0.00080
0.71202	0.00460
0.89916	0.37844
0.92591	0.26227
0.95877	0.14812
0.93914	0.17889
0.92409	0.13474
0.91493	0.10093
0.90167	0.12405
0.91628	0.11503
0.95884	0.16225
0.91069	0.15162
0.90108	0.17656
0.88338	0.28332
0.87954	0.22667
0.89371	0.26511
0.94144	0.12915
0.78813	0.01788
0.82384	0.11779
0.97761	0.55016
0.98406	0.38863
0.94535	0.27966
0.95537	0.28522
0.82526	0.01182
0.81106	0.02502
0.94061	0.09188
0.95732	0.13532
0.94721	0.41261
0.77027	0.00490
0.85186	0.00447
0.88580	0.11325
0.88339	0.18157
0.95443	0.46776
0.89795	0.23993
0.86835	0.10490
0.74811	0.03885
0.75473	0.04023
0.91294	0.28321
0.93449	0.39430
0.91632	0.14651
0.93635	0.03771
0.90398	0.02692
0.95741	0.15069
0.94812	0.32480
0.96931	0.19253
0.80418	0.08231
0.95049	0.40044
0.94622	0.39524
0.94186	0.38710
0.94807	0.43874
0.85417	0.07315
0.85368	0.07226
0.72370	0.00529
0.94178	0.42434
0.88003	0.00003
0.99312	0.55638
0.81447	0.03405
0.86552	0.02963
0.82475	0.05198
0.90130	0.05769
0.80913	0.01288
0.98628	0.60984
0.82606	0.00452
0.86302	0.00511
0.79777	0.00636
0.83111	0.01293
0.84360	0.01616
0.85131	0.00523
0.77565	0.04315
0.85528	0.04288
0.83414	0.04409
0.91491	0.29855
0.82820	0.02429
0.92425	0.02175
0.96635	0.15799
0.94027	0.22553
0.94231	0.07492
0.94998	0.15472
0.91153	0.47236
0.91795	0.03092
0.68822	0.12724
0.93911	0.32629
0.95061	0.44231
0.94602	0.47951
0.94316	0.44922
0.95578	0.47975
0.89749	0.22284
0.90890	0.20187
0.93660	0.30313
0.89895	0.43091
0.91784	0.45991
0.89212	0.22693
0.89208	0.22036
0.89718	0.09794
0.89580	0.20231
0.88850	0.23344
0.72897	0.04124
0.76144	0.01962
0.93356	0.39230
0.71672	0.03011
0.72201	0.04309
0.91856	0.23467
0.91047	0.24311
0.96520	0.44908
0.96209	0.17267
0.91143	0.14123
0.86085	0.25309
0.79653	0.06091
0.77001	0.00653
0.73232	0.07980
0.92661	0.45728
0.93705	0.50298
0.79564	0.11790
0.81646	0.07641
0.78971	0.07550
0.85302	0.27576
0.96233	0.21961
0.74768	0.02605
0.83510	0.01552
0.89804	0.13457
0.85315	0.16830
0.97567	0.60486
0.97678	0.41860
0.97796	0.55918
0.97499	0.62762
0.97672	0.38704
0.97364	0.19649
0.98249	0.58865
0.93111	0.38154
0.97691	0.52545
0.97070	0.51918
0.97138	0.55636
0.97619	0.49066
0.97748	0.58245
0.88602	0.00749
0.98345	0.51224
0.93832	0.40108
0.91554	0.04996
0.97971	0.57090
0.94349	0.45607
0.95355	0.08800
0.99225	0.70459
0.92386	0.35374
0.94598	0.09547
0.98233	0.54604
0.97138	0.37132
0.94683	0.12831
0.98227	0.57652
0.92151	0.37736
0.93613	0.14138
0.96061	0.30979
0.95282	0.11004
0.93334	0.30286
0.97700	0.55841
0.97533	0.56887
0.97328	0.55189
0.97459	0.56645
0.97101	0.62138
0.97096	0.50742
0.96645	0.40923
0.91841	0.34420
0.97570	0.58758
0.98075	0.54100
0.94163	0.37864
0.97663	0.62574
0.98022	0.59659
0.97210	0.59906
0.97976	0.64311
0.97407	0.62644
0.97178	0.59822
0.97409	0.57618
0.97047	0.64590
0.97444	0.63410
0.98583	0.65638
0.97817	0.63256
0.99572	0.24297
0.97880	0.64326
0.98138	0.65831
0.97867	0.64433
0.97512	0.64761
0.98646	0.64202
0.98406	0.63835
0.98533	0.65205
0.97197	0.62513
0.98064	0.64347
0.97128	0.63168
0.98000	0.62138
0.96888	0.63980
0.96840	0.63099
0.97710	0.63826
0.97267	0.61749
0.98279	0.63551
0.98413	0.62878
0.98343	0.62001
0.98264	0.62880
0.97674	0.65418
0.99474	0.63983
0.97150	0.62399
0.97453	0.62268
0.96948	0.63745
0.97680	0.60545
0.98030	0.63456
0.97927	0.63551
0.98525	0.64729
0.97518	0.63809
0.98291	0.61403
0.97461	0.61410
0.98813	0.66142
0.96769	0.60668
0.97707	0.63123
0.97775	0.57808
0.97251	0.68453
0.98262	0.65337
0.98492	0.65403
0.98226	0.60460
0.91269	0.64806
0.84662	0.32916
0.86010	0.14289
0.76341	0.03571
0.83548	0.13642
0.87093	0.11174
0.79770	0.04279
0.82488	0.18919
0.87492	0.05719
0.83673	0.28494
0.85911	0.04149
0.94778	0.46151
0.81483	0.34332
0.87124	0.41408
0.76563	0.14215
0.83229	0.03958
0.82535	0.30962
0.88755	0.68856
0.97201	0.86117
0.87539	0.24375
0.86451	0.10326
0.83799	0.11050
0.93321	0.61990
0.78346	0.17351
0.85569	0.22788
0.82161	0.26405
0.91466	0.46358
0.77610	0.41963
0.83164	0.41394
0.81607	0.40829
0.83488	0.08077
0.76937	0.12079
0.74186	0.25096
0.84718	0.51251
0.86718	0.54232
0.79782	0.31584
0.85445	0.48767
0.86589	0.03876
0.78633	0.05245
0.85319	0.12360
0.86646	0.55002
0.76296	0.40565
0.78129	0.39990
0.73467	0.22023
0.76726	0.45577
0.86710	0.62455
0.85735	0.59023
0.75658	0.28395
0.88967	0.56003
0.78890	0.24666
0.73914	0.24979
0.92495	0.61217
0.82933	0.48605
0.81071	0.25413
0.75138	0.10703
0.80174	0.47728
0.87022	0.66848
0.91804	0.68335
0.77986	0.31630
0.86788	0.56898
0.80221	0.12099
0.78989	0.23434
0.91964	0.52014
0.83033	0.36085
0.84730	0.17364
0.76717	0.03583
0.77536	0.29946
0.86585	0.54428
0.93210	0.61988
0.78118	0.25896
0.90776	0.52839
0.79801	0.06815
0.79495	0.15482
0.85853	0.46688
0.80567	0.45717
0.85246	0.34794
0.77528	0.18669
0.75672	0.40873
0.82753	0.56230
0.89553	0.65380
0.78218	0.32345
0.86559	0.55335
0.81141	0.05207
0.78577	0.11058
0.79160	0.08995
0.91381	0.47944
0.83554	0.46480
0.83621	0.23994
0.86794	0.17289
0.77663	0.25180
0.86216	0.53527
0.94766	0.69801
0.78759	0.28904
0.93976	0.63483
0.87693	0.13969
0.77172	0.02103
0.87006	0.50350
0.78776	0.45955
0.76519	0.24424
0.74931	0.16883
0.77260	0.46276
0.85096	0.60202
0.90217	0.65253
0.77178	0.32018
0.78645	0.08016
